{"asset":{"version":"2.0","generator":"THREE.GLTFExporter"},"scenes":[{"name":"TOP","nodes":[65],"extras":{"visible":true,"opacity":0.03}},{"name":"SVD","nodes":[756],"extras":{"visible":true}},{"name":"PXD","nodes":[919],"extras":{"visible":true}}],"scene":0,"nodes":[{"name":"TOPEnvelopeModule01_1","mesh":0},{"name":"TOPFrontBoard_8","mesh":1},{"matrix":[1,0,0,0,0,1,0,0,0,0,1,0,0,-1.5499999523162842,-0.4749992974102497,1],"children":[1]},{"matrix":[0.1950903273750645,-0.9807852793372718,0,0,0.9807852793372718,0.1950903273750645,0,0,0,0,1,0,117.69423352047261,23.410839285007718,-81.20000076293945,1],"children":[0,2]},{"name":"TOPEnvelopeModule02_2","mesh":2},{"name":"TOPFrontBoard_8","mesh":1},{"matrix":[1,0,0,0,0,1,0,0,0,0,1,0,0,-1.5499999523162842,-0.4709995873272419,1],"children":[5]},{"matrix":[0.5555702342589989,-0.8314696114744069,0,0,0.8314696114744069,0.5555702342589989,0,0,0,0,1,0,99.7763533769288,66.6684281110799,-81.20000076293945,1],"children":[4,6]},{"name":"TOPEnvelopeModule03_3","mesh":3},{"name":"TOPFrontBoard_8","mesh":1},{"matrix":[1,0,0,0,0,1,0,0,0,0,1,0,0,-1.5499999523162842,-0.47599874809384346,1],"children":[9]},{"matrix":[0.8314696026445874,-0.5555702474737574,0,0,0.5555702474737574,0.8314696026445874,0,0,0,0,1,0,66.6684296968509,99.77635231735049,-81.20000076293945,1],"children":[8,10]},{"name":"TOPEnvelopeModule04_4","mesh":4},{"name":"TOPFrontBoard_8","mesh":1},{"matrix":[1,0,0,0,0,1,0,0,0,0,1,0,0,-1.5499999523162842,-0.47399889305233955,1],"children":[13]},{"matrix":[0.9807852733295787,-0.19509035757777396,0,0,0.19509035757777396,0.9807852733295787,0,0,0,0,1,0,23.410842909332874,117.69423279954944,-81.20000076293945,1],"children":[12,14]},{"name":"TOPEnvelopeModule05_5","mesh":5},{"name":"TOPFrontBoard_8","mesh":1},{"matrix":[1,0,0,0,0,1,0,0,0,0,1,0,0,-1.5499999523162842,-0.4769991524517536,1],"children":[17]},{"matrix":[0.9807852795308195,0.19509032640203355,0,0,-0.19509032640203355,0.9807852795308195,0,0,0,0,1,0,-23.410839168244024,117.69423354369835,-81.20000076293945,1],"children":[16,18]},{"name":"TOPEnvelopeModule06_6","mesh":6},{"name":"TOPFrontBoard_8","mesh":1},{"matrix":[1,0,0,0,0,1,0,0,0,0,1,0,0,-1.5499999523162842,-0.47599874809384346,1],"children":[21]},{"matrix":[0.83146965341879,0.5555701714847885,0,0,-0.5555701714847885,0.83146965341879,0,0,0,0,1,0,-66.66842057817462,99.7763584102548,-81.20000076293945,1],"children":[20,22]},{"name":"TOPEnvelopeModule07_7","mesh":7},{"name":"TOPFrontBoard_8","mesh":1},{"matrix":[1,0,0,0,0,1,0,0,0,0,1,0,0,-1.5499999523162842,-0.47399889305233955,1],"children":[25]},{"matrix":[0.555570161569612,0.8314696600438979,0,0,-0.8314696600438979,0.555570161569612,0,0,0,0,1,0,-99.77635920526775,66.66841938835346,-81.20000076293945,1],"children":[24,26]},{"name":"TOPEnvelopeModule08_8","mesh":8},{"name":"TOPFrontBoard_8","mesh":1},{"matrix":[1,0,0,0,0,1,0,0,0,0,1,0,0,-1.5499999523162842,-0.47599874809384346,1],"children":[29]},{"matrix":[0.19509031470628613,0.9807852818572484,0,0,-0.9807852818572484,0.19509031470628613,0,0,0,0,1,0,-117.69423382286982,23.41083776475434,-81.20000076293945,1],"children":[28,30]},{"name":"TOPEnvelopeModule09_9","mesh":9},{"name":"TOPFrontBoard_8","mesh":1},{"matrix":[1,0,0,0,0,1,0,0,0,0,1,0,0,-1.5499999523162842,-0.4729994423687458,1],"children":[33]},{"matrix":[-0.19509025235480504,0.9807852942597267,0,0,-0.9807852942597267,-0.19509025235480504,0,0,0,0,1,0,-117.6942353111672,-23.410830282576534,-81.20000076293945,1],"children":[32,34]},{"name":"TOPEnvelopeModule10_10","mesh":10},{"name":"TOPFrontBoard_8","mesh":1},{"matrix":[1,0,0,0,0,1,0,0,0,0,1,0,0,-1.5499999523162842,-0.4689987786114216,1],"children":[37]},{"matrix":[-0.555570306948382,0.8314695629049091,0,0,-0.8314695629049091,-0.555570306948382,0,0,0,0,1,0,-99.77634754858909,-66.66843683380584,-81.20000076293945,1],"children":[36,38]},{"name":"TOPEnvelopeModule11_11","mesh":11},{"name":"TOPFrontBoard_8","mesh":1},{"matrix":[1,0,0,0,0,1,0,0,0,0,1,0,0,-1.5499999523162842,-0.47199903801083565,1],"children":[41]},{"matrix":[-0.8314694856412281,0.5555704225816125,0,0,-0.5555704225816125,-0.8314694856412281,0,0,0,0,1,0,-66.6684507097935,-99.77633827694737,-81.20000076293945,1],"children":[40,42]},{"name":"TOPEnvelopeModule12_12","mesh":12},{"name":"TOPFrontBoard_8","mesh":1},{"matrix":[1,0,0,0,0,1,0,0,0,0,1,0,0,-1.5499999523162842,-0.47599874809384346,1],"children":[45]},{"matrix":[-0.9807852671283368,0.1950903887535143,0,0,-0.1950903887535143,-0.9807852671283368,0,0,0,0,1,0,-23.410846650421718,-117.6942320554004,-81.20000076293945,1],"children":[44,46]},{"name":"TOPEnvelopeModule13_13","mesh":13},{"name":"TOPFrontBoard_8","mesh":1},{"matrix":[1,0,0,0,0,1,0,0,0,0,1,0,0,-1.5499999523162842,-0.47599874809384346,1],"children":[49]},{"matrix":[-0.9807852624754776,-0.19509041214500833,0,0,0.19509041214500833,-0.9807852624754776,0,0,0,0,1,0,23.41084945740102,-117.69423149705726,-81.20000076293945,1],"children":[48,50]},{"name":"TOPEnvelopeModule14_14","mesh":14},{"name":"TOPFrontBoard_8","mesh":1},{"matrix":[1,0,0,0,0,1,0,0,0,0,1,0,0,-1.5499999523162842,-0.4749992974102497,1],"children":[53]},{"matrix":[-0.8314697373075427,-0.5555700459363572,0,0,0.5555700459363572,-0.8314697373075427,0,0,0,0,1,0,66.6684055123629,-99.7763684769051,-81.20000076293945,1],"children":[52,54]},{"name":"TOPEnvelopeModule15_15","mesh":15},{"name":"TOPFrontBoard_8","mesh":1},{"matrix":[1,0,0,0,0,1,0,0,0,0,1,0,0,-1.5499999523162842,-0.47399889305233955,1],"children":[57]},{"matrix":[-0.555570287118031,-0.8314695761551281,0,0,0.8314695761551281,-0.555570287118031,0,0,0,0,1,0,99.77634913861536,-66.66843445416377,-81.20000076293945,1],"children":[56,58]},{"name":"TOPEnvelopeModule16_16","mesh":16},{"name":"TOPFrontBoard_8","mesh":1},{"matrix":[1,0,0,0,0,1,0,0,0,0,1,0,0,-1.5499999523162842,-0.47599874809384346,1],"children":[61]},{"matrix":[-0.19509022896330985,-0.9807852989125824,0,0,0.9807852989125824,-0.19509022896330985,0,0,0,0,1,0,117.69423586950988,-23.41082747559714,-81.20000076293945,1],"children":[60,62]},{"children":[3,7,11,15,19,23,27,31,35,39,43,47,51,55,59,63]},{"children":[64]},{"name":"SVD.3.2.1_9","mesh":17},{"name":"SVD.3.2.1.Active_25120","mesh":18},{"children":[67]},{"matrix":[-0.5537403939176473,0.8326893635347631,0,0,0,0,1,0,0.8326893635347631,0.5537403939176473,0,0,3.5058063327755002,1.769335173750638,9.235,1],"children":[66,68]},{"name":"SVD.3.2.2_11","mesh":19},{"name":"SVD.3.2.2.Active_25152","mesh":20},{"children":[71]},{"matrix":[-0.5537403939176473,0.8326893635347631,0,0,0,0,1,0,0.8326893635347631,0.5537403939176473,0,0,3.5058063327755002,1.769335173750638,-3.2649999999999997,1],"children":[70,72]},{"name":"SVD.3.3.1_19","mesh":21},{"name":"SVD.3.3.1.Active_25376","mesh":22},{"children":[75]},{"matrix":[-0.9962748930708214,0.08623420108473806,0,0,0,1.1102230246251565e-16,0.9999999999999999,0,0.08623420108473806,0.9962748930708215,1.1102230246251565e-16,0,0.8024837999865386,3.8441182019754754,9.235,1],"children":[74,76]},{"name":"SVD.3.3.2_21","mesh":23},{"name":"SVD.3.3.2.Active_25408","mesh":24},{"children":[79]},{"matrix":[-0.9962748930708214,0.08623420108473806,0,0,0,1.1102230246251565e-16,0.9999999999999999,0,0.08623420108473806,0.9962748930708215,1.1102230246251565e-16,0,0.8024837999865386,3.8441182019754754,-3.2649999999999997,1],"children":[78,80]},{"name":"SVD.3.7.1_29","mesh":25},{"name":"SVD.3.7.1.Active_26400","mesh":26},{"children":[83]},{"matrix":[0.9350300482584074,0.3545684826008655,-5.551115123125783e-17,0,-5.551115123125783e-17,3.3306690738754696e-16,0.9999999999999999,0,0.3545684826008655,-0.9350300482584074,3.3306690738754696e-16,0,0.94486845107584,-3.8116202080167354,9.235,1],"children":[82,84]},{"name":"SVD.3.7.2_31","mesh":27},{"name":"SVD.3.7.2.Active_26432","mesh":28},{"children":[87]},{"matrix":[0.9350300482584074,0.3545684826008655,-5.551115123125783e-17,0,-5.551115123125783e-17,3.3306690738754696e-16,0.9999999999999999,0,0.3545684826008655,-0.9350300482584074,3.3306690738754696e-16,0,0.94486845107584,-3.8116202080167354,-3.2649999999999997,1],"children":[86,88]},{"name":"SVD.3.1.1_39","mesh":29},{"name":"SVD.3.1.1.Active_24864","mesh":30},{"children":[91]},{"matrix":[0.3057783927630404,0.9521027121688352,1.6653345369377348e-16,0,5.551115123125783e-17,-2.220446049250313e-16,1,0,0.9521027121688352,-0.30577839276304053,-2.220446049250313e-16,0,3.5691441869331855,-1.6378140226781102,9.235,1],"children":[90,92]},{"name":"SVD.3.1.2_41","mesh":31},{"name":"SVD.3.1.2.Active_24896","mesh":32},{"children":[95]},{"matrix":[0.3057783927630404,0.9521027121688352,1.6653345369377348e-16,0,5.551115123125783e-17,-2.220446049250313e-16,1,0,0.9521027121688352,-0.30577839276304053,-2.220446049250313e-16,0,3.5691441869331855,-1.6378140226781102,-3.2649999999999997,1],"children":[94,96]},{"name":"SVD.4.1.1_63","mesh":33},{"name":"SVD.4.1.1.Active_33056","mesh":34},{"children":[99]},{"matrix":[-0.1391731009600652,0.9902680687415703,-5.551115123125783e-17,0,-0.20419742043914912,-0.02869807591259299,0.9785089851017783,0,0.9689862029230121,0.13618212977390082,0.20620418539662966,0,6.773931714647314,-0.1365801057815351,14.9042,1],"children":[98,100]},{"name":"SVD.4.1.2_67","mesh":35},{"name":"SVD.4.1.2.Active_33088","mesh":36},{"matrix":[1,0,0,0,0,1,0,0,0,0,1,0,-3.552713678800501e-16,0,0,1],"children":[103]},{"matrix":[-0.1391731009600654,0.9902680687415704,5.551115123125783e-17,0,-1.6653345369377348e-16,0,1,0,0.9902680687415704,0.1391731009600654,2.220446049250313e-16,0,8.072173152767514,0.04587582957711067,2.476,1],"children":[102,104]},{"name":"SVD.4.1.3_70","mesh":37},{"name":"SVD.4.1.3.Active_33120","mesh":38},{"matrix":[1,0,0,0,0,1,0,0,0,0,1,0,-3.552713678800501e-16,0,0,1],"children":[107]},{"matrix":[-0.1391731009600654,0.9902680687415704,5.551115123125783e-17,0,-1.6653345369377348e-16,0,1,0,0.9902680687415704,0.1391731009600654,2.220446049250313e-16,0,8.072173152767514,0.04587582957711067,-10.024000000000001,1],"children":[106,108]},{"name":"SVD.4.2.1_79","mesh":39},{"name":"SVD.4.2.1.Active_33312","mesh":40},{"children":[111]},{"matrix":[-0.6946583704589973,0.7193398003386511,-5.551115123125783e-17,0,-0.1483308775522057,-0.14324146340944766,0.9785089851017784,0,0.7038804579726894,0.6797294570702886,0.20620418539662955,0,5.560505647820036,3.8711215352351664,14.9042,1],"children":[110,112]},{"name":"SVD.4.2.2_83","mesh":41},{"name":"SVD.4.2.2.Active_33344","mesh":42},{"matrix":[1,0,0,0,0,1,0,0,0,0,1,0,-3.552713678800501e-16,0,0,1],"children":[115]},{"matrix":[-0.6946583704589973,0.7193398003386511,0,0,0,0,1,0,0.7193398003386511,0.6946583704589973,0,0,6.5035601260640075,4.7818186589069125,2.476,1],"children":[114,116]},{"name":"SVD.4.2.3_86","mesh":43},{"name":"SVD.4.2.3.Active_33376","mesh":44},{"matrix":[1,0,0,0,0,1,0,0,0,0,1,0,-3.552713678800501e-16,0,0,1],"children":[119]},{"matrix":[-0.6946583704589973,0.7193398003386511,0,0,0,0,1,0,0.7193398003386511,0.6946583704589973,0,0,6.5035601260640075,4.7818186589069125,-10.024000000000001,1],"children":[118,120]},{"name":"SVD.4.3.1_95","mesh":45},{"name":"SVD.4.3.1.Active_33568","mesh":46},{"children":[123]},{"matrix":[-0.984807753012208,0.17364817766693022,2.775557561562891e-17,0,-0.035806981021418535,-0.20307148048216783,0.9785089851017784,0,0.16991630209364122,0.9636432349203385,0.20620418539662963,0,2.223155418161258,6.400186324373708,14.9042,1],"children":[122,124]},{"name":"SVD.4.3.2_99","mesh":47},{"name":"SVD.4.3.2.Active_33600","mesh":48},{"matrix":[1,0,0,0,0,1,0,0,0,0,1,0,-3.552713678800501e-16,0,0,1],"children":[127]},{"matrix":[-0.984807753012208,0.17364817766693028,0,0,0,0,1,0,0.17364817766693028,0.984807753012208,0,0,2.4508081790826033,7.6912692885727125,2.476,1],"children":[126,128]},{"name":"SVD.4.3.3_102","mesh":49},{"name":"SVD.4.3.3.Active_33632","mesh":50},{"matrix":[1,0,0,0,0,1,0,0,0,0,1,0,-3.552713678800501e-16,0,0,1],"children":[131]},{"matrix":[-0.984807753012208,0.17364817766693028,0,0,0,0,1,0,0.17364817766693028,0.984807753012208,0,0,2.4508081790826033,7.6912692885727125,-10.024000000000001,1],"children":[130,132]},{"name":"SVD.4.9.1_111","mesh":51},{"name":"SVD.4.9.1.Active_35104","mesh":52},{"children":[135]},{"matrix":[0.898794046299167,0.4383711467890774,-2.7755575615628914e-17,0,-0.09039396522502799,0.1853350941564602,0.9785089851017785,0,0.42895010594248284,-0.8794780500597188,0.20620418539662944,0,1.9633646189616367,-6.484597471933753,14.9042,1],"children":[134,136]},{"name":"SVD.4.9.2_115","mesh":53},{"name":"SVD.4.9.2.Active_35136","mesh":54},{"matrix":[1,0,0,0,0,1,0,0,0,0,1,0,-3.552713678800501e-16,0,0,1],"children":[139]},{"matrix":[0.898794046299167,0.4383711467890774,0,0,0,0,1,0,0.4383711467890774,-0.898794046299167,0,0,2.538069192402117,-7.662916466631961,2.476,1],"children":[138,140]},{"name":"SVD.4.9.3_118","mesh":55},{"name":"SVD.4.9.3.Active_35168","mesh":56},{"matrix":[1,0,0,0,0,1,0,0,0,0,1,0,-3.552713678800501e-16,0,0,1],"children":[143]},{"matrix":[0.898794046299167,0.4383711467890774,0,0,0,0,1,0,0.4383711467890774,-0.898794046299167,0,0,2.538069192402117,-7.662916466631961,-10.024000000000001,1],"children":[142,144]},{"name":"SVD.4.10.1_127","mesh":57},{"name":"SVD.4.10.1.Active_35360","mesh":58},{"children":[147]},{"matrix":[0.46947156278589086,0.8829475928589268,-5.551115123125783e-17,0,-0.18206748913338994,0.09680700117114727,0.9785089851017784,0,0.8639721529864468,-0.4593821424357679,0.20620418539662955,0,5.399946103950171,-4.092112788576747,14.9042,1],"children":[146,148]},{"name":"SVD.4.10.2_131","mesh":59},{"name":"SVD.4.10.2.Active_35392","mesh":60},{"matrix":[1,0,0,0,0,1,0,0,0,0,1,0,-3.552713678800501e-16,0,0,1],"children":[151]},{"matrix":[0.46947156278589075,0.882947592858927,0,0,0,0,1,0,0.882947592858927,-0.46947156278589075,0,0,6.557490398188224,-4.707590007389049,2.476,1],"children":[150,152]},{"name":"SVD.4.10.3_134","mesh":61},{"name":"SVD.4.10.3.Active_35424","mesh":62},{"matrix":[1,0,0,0,0,1,0,0,0,0,1,0,-3.552713678800501e-16,0,0,1],"children":[155]},{"matrix":[0.46947156278589075,0.882947592858927,0,0,0,0,1,0,0.882947592858927,-0.46947156278589075,0,0,6.557490398188224,-4.707590007389049,-10.024000000000001,1],"children":[154,156]},{"name":"SVD.5.1.1_156","mesh":63},{"name":"SVD.5.1.1.Active_41248","mesh":64},{"children":[159]},{"matrix":[0.1391731009600654,0.9902680687415704,0,0,-0.2729548720179327,0.03836130554948469,0.9612616959383189,0,0.9519067631920856,-0.13378177105786748,0.2756373558169991,0,8.412227360395054,-2.296707163967763,23.3754,1],"children":[158,160]},{"name":"SVD.5.1.2_160","mesh":65},{"name":"SVD.5.1.2.Active_41280","mesh":66},{"matrix":[1,0,0,0,0,1,0,0,0,0,1,0,-3.552713678800501e-16,0,0,1],"children":[163]},{"matrix":[0.1391731009600652,0.9902680687415704,-5.551115123125783e-17,0,-1.6653345369377348e-16,0,1,0,0.9902680687415704,-0.1391731009600653,0,0,10.145196480692803,-2.5402600906478776,11.056000000000001,1],"children":[162,164]},{"name":"SVD.5.1.3_164","mesh":67},{"name":"SVD.5.1.3.Active_41312","mesh":68},{"matrix":[1,0,0,0,0,1,0,0,0,0,1,0,-3.552713678800501e-16,0,0,1],"children":[167]},{"matrix":[0.1391731009600652,0.9902680687415704,-5.551115123125783e-17,0,-1.6653345369377348e-16,0,1,0,0.9902680687415704,-0.1391731009600653,0,0,10.145196480692803,-2.5402600906478776,-1.444,1],"children":[166,168]},{"name":"SVD.5.1.4_167","mesh":69},{"name":"SVD.5.1.4.Active_41344","mesh":70},{"matrix":[1,0,0,0,0,1,0,0,0,0,1,0,-3.552713678800501e-16,0,0,1],"children":[171]},{"matrix":[0.1391731009600652,0.9902680687415704,-5.551115123125783e-17,0,-1.6653345369377348e-16,0,1,0,0.9902680687415704,-0.1391731009600653,0,0,10.145196480692803,-2.5402600906478776,-13.943999999999999,1],"children":[170,172]},{"name":"SVD.5.2.1_176","mesh":71},{"name":"SVD.5.2.1.Active_41504","mesh":72},{"children":[175]},{"matrix":[-0.37460659341591196,0.9271838545667876,0,0,-0.25556650602900227,-0.10325557088077564,0.9612616959383191,0,0.8912663244874978,0.36009496929665574,0.27563735581699883,0,8.433556178496513,2.217106931147733,23.3754,1],"children":[174,176]},{"name":"SVD.5.2.2_180","mesh":73},{"name":"SVD.5.2.2.Active_41536","mesh":74},{"matrix":[1,0,0,0,0,1,0,0,0,0,1,0,-3.552713678800501e-16,0,0,1],"children":[179]},{"matrix":[-0.37460659341591196,0.9271838545667874,0,0,-1.1102230246251565e-16,0,1,0,0.9271838545667874,0.37460659341591196,2.220446049250313e-16,0,10.05612792398839,2.872668469625579,11.056000000000001,1],"children":[178,180]},{"name":"SVD.5.2.3_184","mesh":75},{"name":"SVD.5.2.3.Active_41568","mesh":76},{"matrix":[1,0,0,0,0,1,0,0,0,0,1,0,-3.552713678800501e-16,0,0,1],"children":[183]},{"matrix":[-0.37460659341591196,0.9271838545667874,0,0,-1.1102230246251565e-16,0,1,0,0.9271838545667874,0.37460659341591196,2.220446049250313e-16,0,10.05612792398839,2.872668469625579,-1.444,1],"children":[182,184]},{"name":"SVD.5.2.4_187","mesh":77},{"name":"SVD.5.2.4.Active_41600","mesh":78},{"matrix":[1,0,0,0,0,1,0,0,0,0,1,0,-3.552713678800501e-16,0,0,1],"children":[187]},{"matrix":[-0.37460659341591196,0.9271838545667874,0,0,-1.1102230246251565e-16,0,1,0,0.9271838545667874,0.37460659341591196,2.220446049250313e-16,0,10.05612792398839,2.872668469625579,-13.943999999999999,1],"children":[186,188]},{"name":"SVD.5.3.1_196","mesh":79},{"name":"SVD.5.3.1.Active_41760","mesh":80},{"children":[191]},{"matrix":[-0.7880107536067222,0.6156614753256584,-5.551115123125783e-17,0,-0.1696993011371572,-0.21720520047951775,0.9612616959383191,0,0.5918117938954299,0.7574845534296304,0.275637355816999,0,6.195120429247322,6.1368490145287495,23.3754,1],"children":[190,192]},{"name":"SVD.5.3.2_200","mesh":81},{"name":"SVD.5.3.2.Active_41792","mesh":82},{"matrix":[1,0,0,0,0,1,0,0,0,0,1,0,-3.552713678800501e-16,0,0,1],"children":[195]},{"matrix":[-0.7880107536067218,0.6156614753256584,5.551115123125783e-17,0,-5.551115123125783e-17,0,1,0,0.6156614753256584,0.7880107536067218,2.220446049250313e-16,0,7.272528011067225,7.515867833340513,11.056000000000001,1],"children":[194,196]},{"name":"SVD.5.3.3_204","mesh":83},{"name":"SVD.5.3.3.Active_41824","mesh":84},{"matrix":[1,0,0,0,0,1,0,0,0,0,1,0,-3.552713678800501e-16,0,0,1],"children":[199]},{"matrix":[-0.7880107536067218,0.6156614753256584,5.551115123125783e-17,0,-5.551115123125783e-17,0,1,0,0.6156614753256584,0.7880107536067218,2.220446049250313e-16,0,7.272528011067225,7.515867833340513,-1.444,1],"children":[198,200]},{"name":"SVD.5.3.4_207","mesh":85},{"name":"SVD.5.3.4.Active_41856","mesh":86},{"matrix":[1,0,0,0,0,1,0,0,0,0,1,0,-3.552713678800501e-16,0,0,1],"children":[203]},{"matrix":[-0.7880107536067218,0.6156614753256584,5.551115123125783e-17,0,-5.551115123125783e-17,0,1,0,0.6156614753256584,0.7880107536067218,2.220446049250313e-16,0,7.272528011067225,7.515867833340513,-13.943999999999999,1],"children":[202,204]},{"name":"SVD.5.4.1_216","mesh":87},{"name":"SVD.5.4.1.Active_42016","mesh":88},{"children":[207]},{"matrix":[-0.9902680687415701,0.13917310096006533,2.7755575615628914e-17,0,-0.03836130554948467,-0.2729548720179329,0.9612616959383189,0,0.13378177105786726,0.9519067631920857,0.27563735581699933,0,2.2967071639677625,8.412227360395054,23.3754,1],"children":[206,208]},{"name":"SVD.5.4.2_220","mesh":89},{"name":"SVD.5.4.2.Active_42048","mesh":90},{"matrix":[1,0,0,0,0,1,0,0,0,0,1,0,-3.552713678800501e-16,0,0,1],"children":[211]},{"matrix":[-0.9902680687415701,0.1391731009600653,1.3877787807814457e-17,0,-1.3877787807814457e-17,-2.220446049250313e-16,1,0,0.1391731009600653,0.9902680687415704,2.220446049250313e-16,0,2.5402600906478776,10.145196480692803,11.056000000000001,1],"children":[210,212]},{"name":"SVD.5.4.3_224","mesh":91},{"name":"SVD.5.4.3.Active_42080","mesh":92},{"matrix":[1,0,0,0,0,1,0,0,0,0,1,0,-3.552713678800501e-16,0,0,1],"children":[215]},{"matrix":[-0.9902680687415701,0.1391731009600653,1.3877787807814457e-17,0,-1.3877787807814457e-17,-2.220446049250313e-16,1,0,0.1391731009600653,0.9902680687415704,2.220446049250313e-16,0,2.5402600906478776,10.145196480692803,-1.444,1],"children":[214,216]},{"name":"SVD.5.4.4_227","mesh":93},{"name":"SVD.5.4.4.Active_42112","mesh":94},{"matrix":[1,0,0,0,0,1,0,0,0,0,1,0,-3.552713678800501e-16,0,0,1],"children":[219]},{"matrix":[-0.9902680687415701,0.1391731009600653,1.3877787807814457e-17,0,-1.3877787807814457e-17,-2.220446049250313e-16,1,0,0.1391731009600653,0.9902680687415704,2.220446049250313e-16,0,2.5402600906478776,10.145196480692803,-13.943999999999999,1],"children":[218,220]},{"name":"SVD.5.11.1_236","mesh":95},{"name":"SVD.5.11.1.Active_43808","mesh":96},{"children":[223]},{"matrix":[0.9271838545667874,0.37460659341591196,-2.7755575615628914e-17,0,-0.10325557088077567,0.25556650602900244,0.9612616959383189,0,0.3600949692966557,-0.8912663244874975,0.27563735581699916,0,2.217106931147732,-8.433556178496513,23.3754,1],"children":[222,224]},{"name":"SVD.5.11.2_240","mesh":97},{"name":"SVD.5.11.2.Active_43840","mesh":98},{"matrix":[1,0,0,0,0,1,0,0,0,0,1,0,-3.552713678800501e-16,0,0,1],"children":[227]},{"matrix":[0.9271838545667874,0.37460659341591196,-2.7755575615628914e-17,0,-2.7755575615628914e-17,1.1102230246251565e-16,1,0,0.37460659341591196,-0.9271838545667874,1.1102230246251565e-16,0,2.872668469625578,-10.05612792398839,11.056000000000001,1],"children":[226,228]},{"name":"SVD.5.11.3_244","mesh":99},{"name":"SVD.5.11.3.Active_43872","mesh":100},{"matrix":[1,0,0,0,0,1,0,0,0,0,1,0,-3.552713678800501e-16,0,0,1],"children":[231]},{"matrix":[0.9271838545667874,0.37460659341591196,-2.7755575615628914e-17,0,-2.7755575615628914e-17,1.1102230246251565e-16,1,0,0.37460659341591196,-0.9271838545667874,1.1102230246251565e-16,0,2.872668469625578,-10.05612792398839,-1.444,1],"children":[230,232]},{"name":"SVD.5.11.4_247","mesh":101},{"name":"SVD.5.11.4.Active_43904","mesh":102},{"matrix":[1,0,0,0,0,1,0,0,0,0,1,0,-3.552713678800501e-16,0,0,1],"children":[235]},{"matrix":[0.9271838545667874,0.37460659341591196,-2.7755575615628914e-17,0,-2.7755575615628914e-17,1.1102230246251565e-16,1,0,0.37460659341591196,-0.9271838545667874,1.1102230246251565e-16,0,2.872668469625578,-10.05612792398839,-13.943999999999999,1],"children":[234,236]},{"name":"SVD.5.12.1_256","mesh":103},{"name":"SVD.5.12.1.Active_44064","mesh":104},{"children":[239]},{"matrix":[0.6156614753256582,0.788010753606722,0,0,-0.21720520047951775,0.16969930113715714,0.9612616959383189,0,0.7574845534296304,-0.5918117938954297,0.2756373558169992,0,6.1368490145287495,-6.195120429247323,23.3754,1],"children":[238,240]},{"name":"SVD.5.12.2_260","mesh":105},{"name":"SVD.5.12.2.Active_44096","mesh":106},{"matrix":[1,0,0,0,0,1,0,0,0,0,1,0,-3.552713678800501e-16,0,0,1],"children":[243]},{"matrix":[0.6156614753256583,0.7880107536067219,0,0,0,0,1,0,0.7880107536067219,-0.6156614753256582,0,0,7.515867833340513,-7.272528011067225,11.056000000000001,1],"children":[242,244]},{"name":"SVD.5.12.3_264","mesh":107},{"name":"SVD.5.12.3.Active_44128","mesh":108},{"matrix":[1,0,0,0,0,1,0,0,0,0,1,0,-3.552713678800501e-16,0,0,1],"children":[247]},{"matrix":[0.6156614753256583,0.7880107536067219,0,0,0,0,1,0,0.7880107536067219,-0.6156614753256582,0,0,7.515867833340513,-7.272528011067225,-1.444,1],"children":[246,248]},{"name":"SVD.5.12.4_267","mesh":109},{"name":"SVD.5.12.4.Active_44160","mesh":110},{"matrix":[1,0,0,0,0,1,0,0,0,0,1,0,-3.552713678800501e-16,0,0,1],"children":[251]},{"matrix":[0.6156614753256583,0.7880107536067219,0,0,0,0,1,0,0.7880107536067219,-0.6156614753256582,0,0,7.515867833340513,-7.272528011067225,-13.943999999999999,1],"children":[250,252]},{"name":"SVD.6.1.1_293","mesh":111},{"name":"SVD.6.1.1.Active_49440","mesh":112},{"children":[255]},{"matrix":[0.06975647374412507,0.9975640502598243,-5.551115123125782e-17,0,-0.3591198739888471,0.025112107893595192,0.9329535348254892,0,0.9306809069047349,-0.06507954875654297,0.359996808120051,0,11.049625554098338,-2.6849232529472853,30.3471,1],"children":[254,256]},{"name":"SVD.6.1.2_297","mesh":113},{"name":"SVD.6.1.2.Active_49472","mesh":114},{"matrix":[1,0,0,0,0,1,0,0,0,0,1,0,-3.552713678800501e-16,0,0,1],"children":[259]},{"matrix":[0.06975647374412462,0.9975640502598245,1.6653345369377346e-16,0,5.551115123125783e-17,-4.440892098500626e-16,1.0000000000000002,0,0.9975640502598245,-0.0697564737441249,-4.4408920985006257e-16,0,13.349010689947232,-2.8457119249274943,18.205999999999996,1],"children":[258,260]},{"name":"SVD.6.1.3_301","mesh":115},{"name":"SVD.6.1.3.Active_49504","mesh":116},{"matrix":[1,0,0,0,0,1,0,0,0,0,1,0,-3.552713678800501e-16,0,0,1],"children":[263]},{"matrix":[0.06975647374412462,0.9975640502598245,1.6653345369377346e-16,0,5.551115123125783e-17,-4.440892098500626e-16,1.0000000000000002,0,0.9975640502598245,-0.0697564737441249,-4.4408920985006257e-16,0,13.349010689947232,-2.8457119249274943,5.706,1],"children":[262,264]},{"name":"SVD.6.1.4_305","mesh":117},{"name":"SVD.6.1.4.Active_49536","mesh":118},{"matrix":[1,0,0,0,0,1,0,0,0,0,1,0,-3.552713678800501e-16,0,0,1],"children":[267]},{"matrix":[0.06975647374412462,0.9975640502598245,1.6653345369377346e-16,0,5.551115123125783e-17,-4.440892098500626e-16,1.0000000000000002,0,0.9975640502598245,-0.0697564737441249,-4.4408920985006257e-16,0,13.349010689947232,-2.8457119249274943,-6.794,1],"children":[266,268]},{"name":"SVD.6.1.5_308","mesh":119},{"name":"SVD.6.1.5.Active_49568","mesh":120},{"matrix":[1,0,0,0,0,1,0,0,0,0,1,0,-3.552713678800501e-16,0,0,1],"children":[271]},{"matrix":[0.06975647374412462,0.9975640502598245,1.6653345369377346e-16,0,5.551115123125783e-17,-4.440892098500626e-16,1.0000000000000002,0,0.9975640502598245,-0.0697564737441249,-4.4408920985006257e-16,0,13.349010689947232,-2.8457119249274943,-19.294,1],"children":[270,272]},{"name":"SVD.6.2.1_317","mesh":121},{"name":"SVD.6.2.1.Active_49696","mesh":122},{"children":[275]},{"matrix":[-0.3173046564050921,0.9483236552061993,1.6653345369377348e-16,0,-0.34139348893897176,-0.11422866350746297,0.9329535348254892,0,0.8847419062832519,0.29603050080971793,0.35999680812005125,0,11.23599853741985,1.7479629936297372,30.3471,1],"children":[274,276]},{"name":"SVD.6.2.2_321","mesh":123},{"name":"SVD.6.2.2.Active_49728","mesh":124},{"matrix":[1,0,0,0,0,1,0,0,0,0,1,0,-3.552713678800501e-16,0,0,1],"children":[279]},{"matrix":[-0.3173046564050921,0.9483236552061993,0,0,-1.1102230246251565e-16,0,1,0,0.9483236552061993,0.3173046564050921,2.220446049250313e-16,0,13.421884562670138,2.479350226643475,18.205999999999996,1],"children":[278,280]},{"name":"SVD.6.2.3_325","mesh":125},{"name":"SVD.6.2.3.Active_49760","mesh":126},{"matrix":[1,0,0,0,0,1,0,0,0,0,1,0,-3.552713678800501e-16,0,0,1],"children":[283]},{"matrix":[-0.3173046564050921,0.9483236552061993,0,0,-1.1102230246251565e-16,0,1,0,0.9483236552061993,0.3173046564050921,2.220446049250313e-16,0,13.421884562670138,2.479350226643475,5.706,1],"children":[282,284]},{"name":"SVD.6.2.4_329","mesh":127},{"name":"SVD.6.2.4.Active_49792","mesh":128},{"matrix":[1,0,0,0,0,1,0,0,0,0,1,0,-3.552713678800501e-16,0,0,1],"children":[287]},{"matrix":[-0.3173046564050921,0.9483236552061993,0,0,-1.1102230246251565e-16,0,1,0,0.9483236552061993,0.3173046564050921,2.220446049250313e-16,0,13.421884562670138,2.479350226643475,-6.794,1],"children":[286,288]},{"name":"SVD.6.2.5_332","mesh":129},{"name":"SVD.6.2.5.Active_49824","mesh":130},{"matrix":[1,0,0,0,0,1,0,0,0,0,1,0,-3.552713678800501e-16,0,0,1],"children":[291]},{"matrix":[-0.3173046564050921,0.9483236552061993,0,0,-1.1102230246251565e-16,0,1,0,0.9483236552061993,0.3173046564050921,2.220446049250313e-16,0,13.421884562670138,2.479350226643475,-19.294,1],"children":[290,292]},{"name":"SVD.6.3.1_341","mesh":131},{"name":"SVD.6.3.1.Active_49952","mesh":132},{"children":[295]},{"matrix":[-0.6560590289905073,0.7547095802227721,-5.551115123125783e-17,0,-0.2716930399378217,-0.2361791563749227,0.9329535348254892,0,0.7041089706354964,0.6120725901508717,0.3599968081200511,0,9.711792597999567,5.914737719750628,30.3471,1],"children":[294,296]},{"name":"SVD.6.3.2_345","mesh":133},{"name":"SVD.6.3.2.Active_49984","mesh":134},{"matrix":[1,0,0,0,0,1,0,0,0,0,1,0,-3.552713678800501e-16,0,0,1],"children":[299]},{"matrix":[-0.6560590289905073,0.7547095802227721,0,0,0,0,1,0,0.7547095802227721,0.6560590289905072,0,0,11.451398180413056,7.426953781573746,18.205999999999996,1],"children":[298,300]},{"name":"SVD.6.3.3_349","mesh":135},{"name":"SVD.6.3.3.Active_50016","mesh":136},{"matrix":[1,0,0,0,0,1,0,0,0,0,1,0,-3.552713678800501e-16,0,0,1],"children":[303]},{"matrix":[-0.6560590289905073,0.7547095802227721,0,0,0,0,1,0,0.7547095802227721,0.6560590289905072,0,0,11.451398180413056,7.426953781573746,5.706,1],"children":[302,304]},{"name":"SVD.6.3.4_353","mesh":137},{"name":"SVD.6.3.4.Active_50048","mesh":138},{"matrix":[1,0,0,0,0,1,0,0,0,0,1,0,-3.552713678800501e-16,0,0,1],"children":[307]},{"matrix":[-0.6560590289905073,0.7547095802227721,0,0,0,0,1,0,0.7547095802227721,0.6560590289905072,0,0,11.451398180413056,7.426953781573746,-6.794,1],"children":[306,308]},{"name":"SVD.6.3.5_356","mesh":139},{"name":"SVD.6.3.5.Active_50080","mesh":140},{"matrix":[1,0,0,0,0,1,0,0,0,0,1,0,-3.552713678800501e-16,0,0,1],"children":[311]},{"matrix":[-0.6560590289905073,0.7547095802227721,0,0,0,0,1,0,0.7547095802227721,0.6560590289905072,0,0,11.451398180413056,7.426953781573746,-19.294,1],"children":[310,312]},{"name":"SVD.6.4.1_365","mesh":141},{"name":"SVD.6.4.1.Active_50208","mesh":142},{"children":[315]},{"matrix":[-0.8949343616020251,0.44619781310980866,-8.326672684688674e-17,0,-0.16062978850967824,-0.3221735136536845,0.9329535348254892,0,0.41628182697219895,0.8349321760934019,0.3599968081200511,0,6.709054273152979,9.181047245270431,30.3471,1],"children":[314,316]},{"name":"SVD.6.4.2_369","mesh":143},{"name":"SVD.6.4.2.Active_50240","mesh":144},{"matrix":[1,0,0,0,0,1,0,0,0,0,1,0,-3.552713678800501e-16,0,0,1],"children":[319]},{"matrix":[-0.8949343616020253,0.4461978131098086,0,0,0,0,1,0,0.4461978131098086,0.8949343616020252,0,0,7.737540232371089,11.2438709487631,18.205999999999996,1],"children":[318,320]},{"name":"SVD.6.4.3_373","mesh":145},{"name":"SVD.6.4.3.Active_50272","mesh":146},{"matrix":[1,0,0,0,0,1,0,0,0,0,1,0,-3.552713678800501e-16,0,0,1],"children":[323]},{"matrix":[-0.8949343616020253,0.4461978131098086,0,0,0,0,1,0,0.4461978131098086,0.8949343616020252,0,0,7.737540232371089,11.2438709487631,5.706,1],"children":[322,324]},{"name":"SVD.6.4.4_377","mesh":147},{"name":"SVD.6.4.4.Active_50304","mesh":148},{"matrix":[1,0,0,0,0,1,0,0,0,0,1,0,-3.552713678800501e-16,0,0,1],"children":[327]},{"matrix":[-0.8949343616020253,0.4461978131098086,0,0,0,0,1,0,0.4461978131098086,0.8949343616020252,0,0,7.737540232371089,11.2438709487631,-6.794,1],"children":[326,328]},{"name":"SVD.6.4.5_380","mesh":149},{"name":"SVD.6.4.5.Active_50336","mesh":150},{"matrix":[1,0,0,0,0,1,0,0,0,0,1,0,-3.552713678800501e-16,0,0,1],"children":[331]},{"matrix":[-0.8949343616020253,0.4461978131098086,0,0,0,0,1,0,0.4461978131098086,0.8949343616020252,0,0,7.737540232371089,11.2438709487631,-19.294,1],"children":[330,332]},{"name":"SVD.6.5.1_389","mesh":151},{"name":"SVD.6.5.1.Active_50464","mesh":152},{"children":[335]},{"matrix":[-0.9975640502598248,0.06975647374412552,3.4694469519536136e-17,0,-0.02511210789359533,-0.3591198739888477,0.9329535348254892,0,0.06507954875654333,0.9306809069047349,0.35999680812005125,0,2.684923252947285,11.049625554098338,30.3471,1],"children":[334,336]},{"name":"SVD.6.5.2_393","mesh":153},{"name":"SVD.6.5.2.Active_50496","mesh":154},{"matrix":[1,0,0,0,0,1,0,0,0,0,1,0,-3.552713678800501e-16,0,0,1],"children":[339]},{"matrix":[-0.9975640502598243,0.06975647374412552,0,0,0,0,1,0,0.06975647374412552,0.9975640502598242,0,0,2.8457119249274934,13.349010689947232,18.205999999999996,1],"children":[338,340]},{"name":"SVD.6.5.3_397","mesh":155},{"name":"SVD.6.5.3.Active_50528","mesh":156},{"matrix":[1,0,0,0,0,1,0,0,0,0,1,0,-3.552713678800501e-16,0,0,1],"children":[343]},{"matrix":[-0.9975640502598243,0.06975647374412552,0,0,0,0,1,0,0.06975647374412552,0.9975640502598242,0,0,2.8457119249274934,13.349010689947232,5.706,1],"children":[342,344]},{"name":"SVD.6.5.4_401","mesh":157},{"name":"SVD.6.5.4.Active_50560","mesh":158},{"matrix":[1,0,0,0,0,1,0,0,0,0,1,0,-3.552713678800501e-16,0,0,1],"children":[347]},{"matrix":[-0.9975640502598243,0.06975647374412552,0,0,0,0,1,0,0.06975647374412552,0.9975640502598242,0,0,2.8457119249274934,13.349010689947232,-6.794,1],"children":[346,348]},{"name":"SVD.6.5.5_404","mesh":159},{"name":"SVD.6.5.5.Active_50592","mesh":160},{"matrix":[1,0,0,0,0,1,0,0,0,0,1,0,-3.552713678800501e-16,0,0,1],"children":[351]},{"matrix":[-0.9975640502598243,0.06975647374412552,0,0,0,0,1,0,0.06975647374412552,0.9975640502598242,0,0,2.8457119249274934,13.349010689947232,-19.294,1],"children":[350,352]},{"name":"SVD.6.14.1_413","mesh":161},{"name":"SVD.6.14.1.Active_52768","mesh":162},{"children":[355]},{"matrix":[0.9483236552061993,0.3173046564050922,-2.7755575615628914e-17,0,-0.11422866350746273,0.3413934889389718,0.932953534825489,0,0.296030500809718,-0.8847419062832518,0.35999680812005125,0,1.7479629936297385,-11.235998537419851,30.3471,1],"children":[354,356]},{"name":"SVD.6.14.2_417","mesh":163},{"name":"SVD.6.14.2.Active_52800","mesh":164},{"matrix":[1,0,0,0,0,1,0,0,0,0,1,0,-3.552713678800501e-16,0,0,1],"children":[359]},{"matrix":[0.9483236552061993,0.3173046564050922,-2.7755575615628914e-17,0,-2.7755575615628914e-17,1.1102230246251565e-16,1,0,0.3173046564050922,-0.9483236552061993,1.1102230246251565e-16,0,2.479350226643476,-13.42188456267014,18.205999999999996,1],"children":[358,360]},{"name":"SVD.6.14.3_421","mesh":165},{"name":"SVD.6.14.3.Active_52832","mesh":166},{"matrix":[1,0,0,0,0,1,0,0,0,0,1,0,-3.552713678800501e-16,0,0,1],"children":[363]},{"matrix":[0.9483236552061993,0.3173046564050922,-2.7755575615628914e-17,0,-2.7755575615628914e-17,1.1102230246251565e-16,1,0,0.3173046564050922,-0.9483236552061993,1.1102230246251565e-16,0,2.479350226643476,-13.42188456267014,5.706,1],"children":[362,364]},{"name":"SVD.6.14.4_425","mesh":167},{"name":"SVD.6.14.4.Active_52864","mesh":168},{"matrix":[1,0,0,0,0,1,0,0,0,0,1,0,-3.552713678800501e-16,0,0,1],"children":[367]},{"matrix":[0.9483236552061993,0.3173046564050922,-2.7755575615628914e-17,0,-2.7755575615628914e-17,1.1102230246251565e-16,1,0,0.3173046564050922,-0.9483236552061993,1.1102230246251565e-16,0,2.479350226643476,-13.42188456267014,-6.794,1],"children":[366,368]},{"name":"SVD.6.14.5_428","mesh":169},{"name":"SVD.6.14.5.Active_52896","mesh":170},{"matrix":[1,0,0,0,0,1,0,0,0,0,1,0,-3.552713678800501e-16,0,0,1],"children":[371]},{"matrix":[0.9483236552061993,0.3173046564050922,-2.7755575615628914e-17,0,-2.7755575615628914e-17,1.1102230246251565e-16,1,0,0.3173046564050922,-0.9483236552061993,1.1102230246251565e-16,0,2.479350226643476,-13.42188456267014,-19.294,1],"children":[370,372]},{"name":"SVD.6.15.1_437","mesh":171},{"name":"SVD.6.15.1.Active_53024","mesh":172},{"children":[375]},{"matrix":[0.7547095802227722,0.656059028990507,0,0,-0.23617915637492273,0.2716930399378218,0.932953534825489,0,0.6120725901508716,-0.7041089706354963,0.3599968081200513,0,5.914737719750625,-9.71179259799957,30.3471,1],"children":[374,376]},{"name":"SVD.6.15.2_441","mesh":173},{"name":"SVD.6.15.2.Active_53056","mesh":174},{"matrix":[1,0,0,0,0,1,0,0,0,0,1,0,-3.552713678800501e-16,0,0,1],"children":[379]},{"matrix":[0.7547095802227721,0.656059028990507,0,0,0,0,1,0,0.656059028990507,-0.7547095802227721,0,0,7.426953781573744,-11.45139818041306,18.205999999999996,1],"children":[378,380]},{"name":"SVD.6.15.3_445","mesh":175},{"name":"SVD.6.15.3.Active_53088","mesh":176},{"matrix":[1,0,0,0,0,1,0,0,0,0,1,0,-3.552713678800501e-16,0,0,1],"children":[383]},{"matrix":[0.7547095802227721,0.656059028990507,0,0,0,0,1,0,0.656059028990507,-0.7547095802227721,0,0,7.426953781573744,-11.45139818041306,5.706,1],"children":[382,384]},{"name":"SVD.6.15.4_449","mesh":177},{"name":"SVD.6.15.4.Active_53120","mesh":178},{"matrix":[1,0,0,0,0,1,0,0,0,0,1,0,-3.552713678800501e-16,0,0,1],"children":[387]},{"matrix":[0.7547095802227721,0.656059028990507,0,0,0,0,1,0,0.656059028990507,-0.7547095802227721,0,0,7.426953781573744,-11.45139818041306,-6.794,1],"children":[386,388]},{"name":"SVD.6.15.5_452","mesh":179},{"name":"SVD.6.15.5.Active_53152","mesh":180},{"matrix":[1,0,0,0,0,1,0,0,0,0,1,0,-3.552713678800501e-16,0,0,1],"children":[391]},{"matrix":[0.7547095802227721,0.656059028990507,0,0,0,0,1,0,0.656059028990507,-0.7547095802227721,0,0,7.426953781573744,-11.45139818041306,-19.294,1],"children":[390,392]},{"name":"SVD.6.16.1_461","mesh":181},{"name":"SVD.6.16.1.Active_53280","mesh":182},{"children":[395]},{"matrix":[0.44619781310980855,0.8949343616020251,5.551115123125783e-17,0,-0.32217351365368474,0.16062978850967813,0.9329535348254892,0,0.8349321760934019,-0.4162818269721989,0.3599968081200512,0,9.181047245270431,-6.709054273152979,30.3471,1],"children":[394,396]},{"name":"SVD.6.16.2_465","mesh":183},{"name":"SVD.6.16.2.Active_53312","mesh":184},{"matrix":[1,0,0,0,0,1,0,0,0,0,1,0,-3.552713678800501e-16,0,0,1],"children":[399]},{"matrix":[0.44619781310980877,0.8949343616020251,0,0,0,0,1,0,0.8949343616020251,-0.4461978131098089,0,0,11.2438709487631,-7.737540232371089,18.205999999999996,1],"children":[398,400]},{"name":"SVD.6.16.3_469","mesh":185},{"name":"SVD.6.16.3.Active_53344","mesh":186},{"matrix":[1,0,0,0,0,1,0,0,0,0,1,0,-3.552713678800501e-16,0,0,1],"children":[403]},{"matrix":[0.44619781310980877,0.8949343616020251,0,0,0,0,1,0,0.8949343616020251,-0.4461978131098089,0,0,11.2438709487631,-7.737540232371089,5.706,1],"children":[402,404]},{"name":"SVD.6.16.4_473","mesh":187},{"name":"SVD.6.16.4.Active_53376","mesh":188},{"matrix":[1,0,0,0,0,1,0,0,0,0,1,0,-3.552713678800501e-16,0,0,1],"children":[407]},{"matrix":[0.44619781310980877,0.8949343616020251,0,0,0,0,1,0,0.8949343616020251,-0.4461978131098089,0,0,11.2438709487631,-7.737540232371089,-6.794,1],"children":[406,408]},{"name":"SVD.6.16.5_476","mesh":189},{"name":"SVD.6.16.5.Active_53408","mesh":190},{"matrix":[1,0,0,0,0,1,0,0,0,0,1,0,-3.552713678800501e-16,0,0,1],"children":[411]},{"matrix":[0.44619781310980877,0.8949343616020251,0,0,0,0,1,0,0.8949343616020251,-0.4461978131098089,0,0,11.2438709487631,-7.737540232371089,-19.294,1],"children":[410,412]},{"name":"SVD.3.4.1_491","mesh":191},{"name":"SVD.3.4.1.Active_25632","mesh":192},{"children":[415]},{"matrix":[-0.6885950810918313,-0.7251460641113169,1.1102230246251565e-16,0,-1.1102230246251565e-16,2.220446049250313e-16,1,0,-0.7251460641113169,0.6885950810918313,0,0,-2.5050820060190473,3.024200579181147,9.235,1],"children":[414,416]},{"name":"SVD.3.4.2_493","mesh":193},{"name":"SVD.3.4.2.Active_25664","mesh":194},{"children":[419]},{"matrix":[-0.6885950810918313,-0.7251460641113169,1.1102230246251565e-16,0,-1.1102230246251565e-16,2.220446049250313e-16,1,0,-0.7251460641113169,0.6885950810918313,0,0,-2.5050820060190473,3.024200579181147,-3.2649999999999997,1],"children":[418,420]},{"name":"SVD.3.5.1_501","mesh":195},{"name":"SVD.3.5.1.Active_25888","mesh":196},{"children":[423]},{"matrix":[0.13761742045692513,-0.9904854595534361,1.1102230246251564e-16,0,2.220446049250313e-16,2.220446049250313e-16,0.9999999999999999,0,-0.9904854595534361,-0.13761742045692502,4.4408920985006257e-16,0,-3.926307759572689,-0.0730231272905435,9.235,1],"children":[422,424]},{"name":"SVD.3.5.2_503","mesh":197},{"name":"SVD.3.5.2.Active_25920","mesh":198},{"children":[427]},{"matrix":[0.13761742045692513,-0.9904854595534361,1.1102230246251564e-16,0,2.220446049250313e-16,2.220446049250313e-16,0.9999999999999999,0,-0.9904854595534361,-0.13761742045692502,4.4408920985006257e-16,0,-3.926307759572689,-0.0730231272905435,-3.2649999999999997,1],"children":[426,428]},{"name":"SVD.3.6.1_511","mesh":199},{"name":"SVD.3.6.1.Active_26144","mesh":200},{"children":[431]},{"matrix":[0.8601906873473302,-0.5099725300454208,5.551115123125783e-17,0,5.551115123125783e-17,2.220446049250313e-16,1,0,-0.5099725300454208,-0.8601906873473302,2.220446049250313e-16,0,-2.390952136325646,-3.115216345905983,9.235,1],"child